212 66 66666 66666616.

66666661616616 616 66161166116 61 16666666116661661661
666116 66616 6666 666 66161166666611 66661161 suggeret
de mettre 6161161666 honneur et de se 6666666 6 16
661666 66 666 6666616, 6666661661661, 6666 quelque 666-
16616 16666616, 6666 66 61661166666661, on 666 666666116-
ment 66666611 66 16166 66666166 61661666666616 1166 deson
6666616116, 66 ayant 661666 66666616 66 6616166 666 661661,
quant 66 corps 6666 66616, (6616 6661661 (666616 666 erne.

Si cette 6661166166616666666666616661666 6666 danger
pour sa vie, 1166 6666111666 66 (666666 666616166 prendre,
6166 66666666661611666666. 166161661166616666 16 666 616
6116 666611 1666666 meme des parents 3 66116 11116 661 obli-
6661666666161666666166 66666666, 661661 (6611 6661

66666666 66116, 16 6616166 666 661661 ; 6661611161661666- ,

6616 66 6166661666 6 6661166 666 honneur 66 6166616, 6166 66
666 66666666 66 66666666 66 666 parents, 11116 66666611 6
66116 6666616666 66 grnssesse (1666 666 161166 (666116
666661166116666 6666666666 66666666, 6666 66666 66 66
16 6666666166 (6166666666 (6661 , mais 6666 6666666666661166

666-66666666 66 1616166 6666116166666 666 166666, 616616 ,

161 666666 66666166 66666 616 6116 66 6616666611 66 sa 66616-
616. Ε116 66666666611666666116 161166 qu'on 6616616 66
166661666666 samon 6666 (16666616 6661666616 666 661661(

51161105ἐ qu'elle 6616161666 6616 66 monde 6666666661. ³

Si elle 66 66661166 66 6666611666 666166, 6116 66666611
1616616166161611666666666661666666666161116666611666116
16 666611 6116-6666666 16 66666666 66 66666666. Le 666166-
’ 6666 66 (1666611 666 66 61666666 66 16 faire.

Si 166 6166666166666 66 6666661161661 66 prendre 66666
66 666 moyere 16 6661666666 6666611 661666 que 66116 11116
66616661 666 61616 666 66666666 66666166616666, (1661 6116
6616666616 666666666 66 66666616, comme 6666 66666666
16 (1166, 66 66161 66 666 661661, 6666 16 666 66 6116 6166-
dreit 66666616 6666 166616 66 mettre 66 monde. 16666166·
6666 66 6661 6166 charge 66 66 6616; 11 666611666666666
6666666666 666 6666666666 666666 66 6661666166. 1166
666611666 6666661 666 6166 66 6’66 6666661666 66 mereor
6 66 66666, 6 666166 qn’on 66161 bien 666 (16 16666 6616616611

 

